defect 0.0 0 -1 3.34 824.67 121.3 957.92 -1 -1 -1 -1 -1 -1 -1 1.0
defect 0.0 0 -1 145.33 835.6 215.23 881.47 -1 -1 -1 -1 -1 -1 -1 1.0
defect 0.0 0 -1 315.71 837.78 365.95 888.02 -1 -1 -1 -1 -1 -1 -1 1.0
defect 0.0 0 -1 418.38 831.23 472.99 874.92 -1 -1 -1 -1 -1 -1 -1 1.0
defect 0.0 0 -1 374.69 890.21 418.38 927.34 -1 -1 -1 -1 -1 -1 -1 1.0
defect 0.0 0 -1 444.59 894.57 503.57 927.34 -1 -1 -1 -1 -1 -1 -1 1.0
defect 0.0 0 -1 521.04 892.39 573.47 938.26 -1 -1 -1 -1 -1 -1 -1 1.0
defect 0.0 0 -1 639.0 885.84 700.16 942.63 -1 -1 -1 -1 -1 -1 -1 1.0
defect 0.0 0 -1 614.97 988.5 673.95 1036.56 -1 -1 -1 -1 -1 -1 -1 1.0
defect 0.0 0 -1 815.94 903.31 868.36 942.63 -1 -1 -1 -1 -1 -1 -1 1.0
defect 0.0 0 -1 877.1 872.73 912.05 929.52 -1 -1 -1 -1 -1 -1 -1 1.0
defect 0.0 0 -1 936.08 883.65 984.13 933.89 -1 -1 -1 -1 -1 -1 -1 1.0
defect 0.0 0 -1 1185.1 898.94 1241.89 957.92 -1 -1 -1 -1 -1 -1 -1 1.0
