defect 0.0 0 -1 0.0 584.39 92.9 676.13 -1 -1 -1 -1 -1 -1 -1 1.0
defect 0.0 0 -1 149.7 593.13 359.4 667.4 -1 -1 -1 -1 -1 -1 -1 1.0
defect 0.0 0 -1 151.88 697.98 261.1 759.14 -1 -1 -1 -1 -1 -1 -1 1.0
defect 0.0 0 -1 348.48 684.87 405.27 728.56 -1 -1 -1 -1 -1 -1 -1 1.0
defect 0.0 0 -1 431.48 697.98 560.36 726.38 -1 -1 -1 -1 -1 -1 -1 1.0
defect 0.0 0 -1 490.46 625.89 547.26 695.79 -1 -1 -1 -1 -1 -1 -1 1.0
defect 0.0 0 -1 724.19 759.14 785.35 818.12 -1 -1 -1 -1 -1 -1 -1 1.0
defect 0.0 0 -1 826.86 772.25 885.84 844.33 -1 -1 -1 -1 -1 -1 -1 1.0
defect 0.0 0 -1 833.41 634.63 1163.26 756.96 -1 -1 -1 -1 -1 -1 -1 1.0
defect 0.0 0 -1 1257.18 671.77 1313.98 713.27 -1 -1 -1 -1 -1 -1 -1 1.0
defect 0.0 0 -1 1381.7 671.77 1416.65 708.9 -1 -1 -1 -1 -1 -1 -1 1.0
defect 0.0 0 -1 1292.13 728.56 1646.01 787.54 -1 -1 -1 -1 -1 -1 -1 1.0
defect 0.0 0 -1 1569.55 824.67 1621.98 885.84 -1 -1 -1 -1 -1 -1 -1 1.0
